SCENEMODEL_V1 29
0 4.702135 0.000000 13.289518 0.000000 3.070000 0.000000 5.861813 5.861813 5.861813
0 -6.223784 0.000000 12.428255 0.000000 4.100000 0.000000 5.394000 5.394000 5.394000
0 -0.141919 0.000000 10.792720 0.000000 2.050000 0.000000 3.561272 3.561272 3.561272
0 12.728532 0.000000 8.873354 0.000000 -0.180000 0.000000 4.100000 4.100000 4.100000
0 -18.963453 0.000000 14.655778 0.000000 2.820000 0.000000 8.044091 8.044091 8.044091
0 -22.024563 0.000000 2.922626 0.000000 -0.780000 0.000000 6.921600 6.921600 6.921600
0 23.015326 0.000000 0.682051 0.000000 0.000000 0.000000 1.000000 1.000000 1.000000
0 24.663597 0.000000 -3.507068 0.000000 1.880000 0.000000 4.441500 4.441500 4.441500
0 29.712412 0.000000 4.299575 0.000000 0.000000 0.000000 5.879807 5.879807 5.879807
0 28.072598 0.000000 -10.805917 0.000000 -1.060000 0.000000 5.184000 5.184000 5.184000
0 6.487113 0.000000 -5.754765 0.000000 3.240000 0.000000 1.946646 1.946646 1.946646
0 -3.476560 -1.227332 -17.526993 0.000000 3.980000 0.000000 2.079000 2.079000 2.079000
3 10.196544 0.000000 -3.398241 0.000000 0.000000 0.000000 1.000000 1.000000 1.000000
3 -5.983368 0.000000 -11.542224 0.000000 5.150000 0.000000 1.000000 1.000000 1.000000
2 7.347836 -0.567715 -12.609057 0.000000 0.020000 0.000000 1.390000 1.390000 1.390000
2 -4.938204 -0.961221 -6.216450 0.000000 0.000000 0.000000 1.180000 1.180000 1.180000
2 13.832069 0.000000 -13.796434 0.000000 0.000000 0.000000 1.000000 1.000000 1.000000
2 11.088039 0.298355 -7.809287 0.000000 0.880000 0.000000 1.060000 1.060000 1.060000
0 -22.635437 -1.858787 -13.360854 0.000000 1.490000 0.000000 3.671875 3.671875 3.671875
0 -17.364965 0.000000 -21.203459 0.000000 -1.750000 0.000000 3.254400 3.254400 3.254400
0 -24.780746 1.346672 -7.291018 0.000000 -2.290000 0.000000 2.528400 2.528400 2.528400
0 -26.819042 0.000000 -11.325550 0.000000 -1.030000 0.000000 5.360768 5.360768 5.360768
2 -0.522921 -0.190230 -21.395184 0.000000 0.470000 0.000000 1.000000 1.000000 1.000000
2 -2.944062 -1.045387 -13.200713 0.000000 2.580000 0.000000 2.060000 2.060000 2.060000
1 -5.762766 0.000000 -21.452129 0.000000 0.090000 0.000000 1.000000 1.000000 1.000000
2 1.100403 -1.259483 -19.686840 0.000000 2.250000 0.000000 0.633600 0.633600 0.633600
3 19.538513 0.000000 17.836803 0.000000 0.000000 0.000000 1.000000 1.000000 1.000000
0 -7.198987 -0.377144 -15.975514 0.000000 0.690000 0.000000 0.793000 0.793000 0.793000
2 11.318933 0.000000 -11.817337 0.000000 0.000000 0.000000 1.000000 1.000000 1.000000
WATER 0.524624 -1.319011 2.969749 0.000000 -0.250000 0.000000 18.541193 18.541193 18.541193
